640 512 512 512
1024 384 896 384
1024 256 1024 384
640 384 640 512
1024 512 1024 384
1024 512 1024 640
1024 512 1152 512
896 512 896 384
896 512 1024 512
768 512 640 512
768 512 896 512
768 384 896 384
768 384 640 384
768 384 768 512
1920 384 1920 256
2048 384 1920 384
2048 384 2048 256
1664 1536 1664 1664
1536 1536 1664 1536
1792 256 1920 256
1472 512 1472 576
1472 640 1472 576
1536 384 1600 384
1024 768 1024 640
1024 768 1024 832
1024 768 1088 768
1472 384 1536 384
1472 320 1472 384
1472 256 1472 320
1280 896 1344 896
1280 320 1280 384
1024 128 1024 256
1280 256 1280 320
1280 256 1344 256
1216 896 1280 896
1152 128 1152 64
1280 512 1152 512
1728 256 1792 256
1728 256 1664 256
1728 192 1728 128
1728 192 1728 256
1536 64 1536 0
1408 896 1472 896
1408 896 1344 896
1728 448 1728 384
1728 448 1664 448
1792 448 1792 384
1792 448 1728 448
1728 512 1664 512
1728 512 1728 448
1536 576 1472 576
1536 576 1536 512
1600 576 1600 512
1600 576 1536 576
1600 640 1600 576
1536 640 1536 576
1536 640 1472 640
1536 640 1600 640
1536 704 1536 640
1600 704 1536 704
1600 704 1600 640
1536 768 1472 768
1536 768 1536 832
1536 768 1536 704
1664 640 1728 640
1664 640 1600 640
1664 768 1664 896
1600 768 1600 704
1600 768 1536 768
1600 768 1664 768
1664 576 1664 512
1664 576 1600 576
1664 576 1664 640
1728 576 1728 512
1728 576 1728 640
1728 576 1664 576
1664 704 1600 704
1664 704 1664 640
1664 704 1664 768
1792 640 1728 640
1728 704 1728 640
1728 704 1664 704
1792 704 1792 640
1792 704 1728 704
1728 768 1664 768
1728 768 1728 704
1792 512 1792 448
1792 512 1728 512
1792 512 1856 512
1792 576 1792 512
1792 576 1728 576
1792 576 1792 640
1856 640 1792 640
1856 576 1856 512
1856 576 1792 576
1856 576 1856 640
1920 512 1920 384
1920 512 1856 512
1856 704 1856 640
1856 704 1792 704
1920 640 1856 640
1920 576 1920 640
1920 576 1856 576
1920 576 1920 512
1984 512 1920 512
2048 512 2048 384
2048 512 1984 512
2048 576 2048 512
1984 576 1984 512
1984 576 1920 576
1984 576 2048 576
1984 640 1920 640
1984 640 1984 576
1920 704 1856 704
1920 704 1920 640
1920 768 1920 704
2048 640 2048 576
2048 640 1984 640
2048 704 2048 768
2048 704 2048 640
1984 704 1984 640
1984 704 1920 704
1984 704 2048 704
1792 768 1792 704
1792 768 1728 768
1856 768 1920 768
1856 768 1856 704
1856 768 1792 768
1792 832 1792 768
1792 896 1664 896
1792 896 1792 832
1920 832 1920 768
1856 832 1856 768
1856 832 1792 832
1856 832 1920 832
1856 896 1856 832
1856 896 1792 896
1984 768 2048 768
1984 768 1984 704
1984 768 1920 768
2048 832 2048 768
1984 832 1920 832
1984 832 1984 768
1984 832 2048 832
1920 896 1920 832
1920 896 1856 896
1984 896 1984 832
1984 896 1920 896
1920 960 1920 896
1984 960 1920 960
1984 960 1984 896
1984 1024 1984 960
1920 1024 1920 960
1920 1024 1984 1024
2048 896 1984 896
2048 896 2048 832
2048 1024 1984 1024
2048 960 1984 960
2048 960 2048 896
2048 960 2048 1024
1280 1024 1280 960
1280 1024 1344 1024
1280 1024 1216 1024
1280 1088 1280 1024
1280 1152 1280 1088
1408 1024 1472 1024
1408 1024 1344 1024
1408 1024 1408 960
1408 1088 1408 1024
1792 1344 1728 1344
1792 1344 1792 1280
1792 1408 1792 1472
1792 1408 1856 1408
1792 1408 1792 1344
1728 1408 1728 1344
1728 1408 1664 1408
1728 1408 1792 1408
1792 1216 1792 1280
1792 1152 1728 1152
1792 1152 1792 1088
1792 1152 1792 1216
1856 1280 1792 1280
1856 1216 1792 1216
1856 1216 1856 1280
1856 1152 1856 1216
1856 1152 1792 1152
1920 1152 1920 1024
1920 1152 1856 1152
1920 1216 1856 1216
1920 1216 1920 1152
1984 1216 1920 1216
1984 1152 1984 1216
1984 1152 1920 1152
2048 1152 2048 1024
2048 1152 1984 1152
2048 1216 1984 1216
2048 1216 2048 1152
1856 1472 1792 1472
1856 1472 1856 1408
1856 1472 1856 1536
1920 1280 1920 1216
1920 1280 1856 1280
1792 384 1920 384
1792 384 1728 384
1792 384 1792 320
1984 1536 1984 1472
1984 1536 1920 1536
1984 1536 2048 1536
1280 448 1280 512
1280 448 1280 384
2048 1536 2048 1664
2048 1536 2048 1472
1984 1472 1984 1408
1984 1472 1920 1472
1984 1472 2048 1472
1152 896 1216 896
2048 1472 2048 1408
1728 64 1792 64
1728 64 1728 128
1920 1536 1920 1600
1920 1536 1856 1536
1920 1536 1920 1472
1408 576 1472 576
1408 576 1408 640
1920 1472 1920 1408
1920 1472 1856 1472
1408 640 1472 640
1984 1408 2048 1408
1984 1408 1920 1408
1984 1408 1984 1344
896 192 896 256
2048 1280 1984 1280
2048 1280 2048 1216
2048 1280 2048 1344
896 256 896 384
896 256 1024 256
2048 1344 2048 1408
2048 1344 1984 1344
1536 320 1536 384
1536 320 1472 320
1984 1344 1984 1280
1984 1344 1920 1344
1152 1024 1216 1024
1920 1344 1920 1280
1920 1344 1920 1408
1920 1408 1856 1408
1984 1280 1920 1280
1984 1280 1984 1216
1664 1408 1664 1536
1664 1408 1600 1408
1664 1408 1664 1344
1664 1344 1664 1280
1664 1344 1600 1344
1664 1344 1728 1344
1728 1344 1728 1280
1664 1280 1664 1152
1664 1280 1600 1280
1664 1280 1728 1280
1728 1280 1792 1280
1536 1408 1600 1408
1600 1408 1600 1344
1728 1088 1728 1152
1728 1088 1728 1024
1728 1088 1664 1088
1728 1088 1792 1088
1792 1088 1792 1024
1792 1024 1920 1024
1792 1024 1792 896
1792 1024 1728 1024
1728 1024 1664 1024
1664 1152 1536 1152
1664 1152 1664 1088
1664 1152 1728 1152
1664 1088 1664 1024
1664 1024 1664 896
1664 1024 1536 1024
1472 1280 1408 1280
1472 1280 1472 1216
1472 1280 1536 1280
1472 1280 1472 1344
1536 1280 1536 1216
1536 1216 1536 1152
1536 1216 1472 1216
1472 1216 1472 1152
1472 1216 1408 1216
1536 1152 1536 1024
1536 1152 1472 1152
1472 1152 1408 1152
1408 1216 1408 1152
1408 1216 1344 1216
1408 1216 1408 1280
1344 1152 1344 1216
1344 1152 1344 1088
1344 1152 1280 1152
1344 1152 1408 1152
1408 1152 1408 1088
1344 1088 1280 1088
1344 1088 1344 1024
1344 1088 1408 1088
1664 448 1664 512
1664 448 1600 448
1664 448 1664 384
1024 64 1024 128
1024 64 1024 0
1024 64 1088 64
1088 64 1152 64
1088 64 1088 0
1088 64 1088 128
1664 512 1600 512
1216 640 1152 640
1216 640 1216 704
1216 640 1280 640
1280 640 1408 640
1280 640 1280 512
1280 640 1280 704
1152 768 1088 768
1152 768 1216 768
1152 768 1152 704
1152 768 1152 832
1152 832 1088 832
1152 832 1152 896
1152 960 1088 960
1152 960 1152 896
1152 960 1152 1024
1152 960 1216 960
1216 960 1216 1024
1216 960 1216 896
1216 960 1280 960
1408 960 1408 896
1408 960 1472 960
1472 960 1472 896
1472 960 1536 960
1472 960 1472 1024
1600 64 1536 64
1600 64 1664 64
1600 64 1600 0
1600 64 1600 128
1600 128 1600 192
1600 128 1664 128
1600 128 1536 128
1536 128 1536 64
1536 128 1536 192
1536 192 1600 192
1536 192 1536 256
960 1024 1024 1024
1024 1024 1024 960
1024 1024 1024 1088
1024 1024 1088 1024
704 192 704 256
704 192 640 192
704 192 704 128
704 192 768 192
768 192 768 128
768 192 768 256
768 192 832 192
1664 320 1664 256
1664 320 1728 320
1664 320 1664 384
1664 384 1728 384
1664 384 1600 384
768 0 704 0
768 0 768 64
768 0 832 0
832 0 896 0
832 0 832 64
832 192 896 192
832 192 832 128
832 192 832 256
1728 320 1728 256
1728 320 1792 320
1728 320 1728 384
1344 512 1280 512
1344 512 1344 448
1344 512 1408 512
1408 512 1472 512
1408 512 1408 448
1408 512 1408 576
1600 512 1536 512
1600 512 1600 448
1152 192 1152 128
1152 192 1216 192
1152 192 1152 256
1152 256 1024 256
1152 256 1216 256
1600 0 1536 0
1600 0 1664 0
1664 0 1728 0
1664 0 1664 64
1344 384 1280 384
1344 384 1408 384
1344 384 1344 320
1344 384 1344 448
1344 448 1408 448
1344 448 1280 448
1408 256 1472 256
1408 256 1344 256
1408 256 1408 320
1408 320 1472 320
1408 320 1344 320
1408 320 1408 384
1664 128 1728 128
1664 128 1664 64
1664 128 1664 192
1664 192 1728 192
1664 192 1664 256
1664 192 1600 192
1408 384 1472 384
1408 384 1408 448
1216 704 1216 768
1216 704 1152 704
1216 704 1280 704
1280 704 1280 768
1536 448 1536 384
1536 448 1600 448
1536 448 1536 512
1536 512 1472 512
1792 128 1728 128
1792 128 1792 192
1792 192 1792 256
1792 192 1728 192
1536 832 1472 832
1536 832 1536 896
1536 896 1664 896
1536 896 1536 960
1536 896 1472 896
1472 1024 1536 1024
1536 1024 1536 960
704 640 704 704
704 640 640 640
704 640 768 640
768 640 768 512
768 640 768 704
704 256 640 256
704 256 768 256
768 256 768 384
768 256 832 256
704 128 640 128
704 128 704 64
704 128 768 128
1408 768 1408 832
1408 768 1408 640
1408 768 1344 768
1408 768 1472 768
1472 768 1472 832
1280 960 1280 896
768 64 832 64
768 64 704 64
768 64 768 128
1344 320 1280 320
1344 320 1344 256
1600 448 1600 384
640 704 704 704
640 704 640 640
640 704 640 768
640 768 704 768
1280 832 1280 896
1280 832 1280 768
1280 832 1344 832
1344 832 1408 832
1344 832 1344 896
1344 832 1344 768
1088 0 1024 0
1088 0 1152 0
1152 0 1152 64
1152 0 1216 0
1472 832 1472 896
1472 832 1408 832
1024 896 1088 896
1024 896 1024 832
1024 896 1024 960
1024 960 1088 960
832 256 896 256
1664 64 1728 64
1280 768 1344 768
1280 768 1216 768
1152 640 1024 640
1152 640 1152 512
1152 640 1152 704
896 0 1024 0
896 0 896 64
896 64 832 64
896 64 896 128
704 704 768 704
704 704 704 768
704 768 768 768
1792 1472 1792 1536
1792 1536 1664 1536
1088 832 1024 832
1088 832 1088 768
1088 832 1088 896
1088 896 1088 960
1088 896 1152 896
1216 64 1280 64
1216 64 1152 64
1216 64 1216 0
1216 64 1216 128
1216 128 1216 192
1216 128 1280 128
1216 128 1152 128
896 128 1024 128
896 128 896 192
896 128 832 128
768 704 768 768
768 768 768 1024
768 768 1024 768
1408 832 1408 896
1600 192 1600 256
1600 256 1664 256
1600 256 1536 256
832 64 832 128
1216 0 1280 0
1280 0 1536 0
1280 0 1280 64
1088 128 1152 128
1088 128 1024 128
1728 0 1728 64
1728 0 1792 0
768 128 832 128
704 0 640 0
704 0 704 64
704 64 640 64
1792 320 1792 256
1088 1024 1152 1024
1088 1024 1088 960
1280 128 1280 64
1280 128 1280 192
1280 192 1280 256
1280 192 1216 192
1536 256 1472 256
1536 256 1536 320
1216 256 1280 256
1216 256 1216 192
640 640 640 512
640 640 512 640
